0
30932
30952
20760
34053
24131
24673
23973
24415
23965
18552
22803
17224
50758
10940
22174
21279
18271
22883
14341
15762
25523
46245
12461
23788
39229
42172
18249
39204
23189
4850
48575
20639
51391
48585
975
43569
48349
52729
18691
9251
52578
26312
4362
41978
2116
8774
29525
8676
26187
25535
12654
1810
3663
46942
337
46367
42759
17144
13384
11339
42223
44538
16411
40819
46202
51549
7820
9804
22533
21041
6102
23856
21883
37092
4047
19012
50120
26917
19523
2227
383
30827
26339
979
54645
36392
11070
18240
42512
20031
21531
8597
640
40104
50859
16919
21290
50176
26381
26936
1616
5370
18881
29544
43076
7302
28828
2039
8023
25811
38907
29728
32472
9972
51871
1837
36718
50306
23539
11560
28960
41562
40991
52489
25866
30531
33229
11792
22731
48913
31283
45821
2127
24198
33259
41886
39649
43804
36154
25239
45687
44584
47350
48946
5792
33375
23401
9141
44600
23460
43105
22439
53912
48663
2804
8775
42900
24864
10643
41211
23895
25688
17512
10397
47719
11995
26040
45822
15553
6837
12845
22499
22076
19227
6709
10187
14936
52812
6730
19432
3849
26886
50260
50167
45051
8235
33176
33093
15592
21004
6194
7094
7304
9699
5482
52339
13012
578
7157
